001	1
002	0
003	1
004	0
005	1
006	0
007	1
008	0
009	0
010	1
011	1
012	1
013	1
014	0
015	1
016	1
017	1
018	0
019	0
020	1
021	1
022	1
023	0
024	1
025	1
026	1
027	1
028	1
029	1
030	0
031	0
032	0
033	1
034	0
035	1
036	1
037	0
038	1
039	1
040	1
041	1
042	0
043	0
044	1
045	1
046	1
047	1
048	1
049	0
050	0
051	1
052	1
053	0
054	1
055	0
056	1
057	0
058	0
059	1
060	0
061	1
062	1
063	0
064	0
065	1
066	1
067	1
068	0
069	0
070	1
071	1
072	0
073	1
074	0
075	1
076	1
077	1
078	1
079	1
080	1
081	1
082	1
083	1
084	1
085	0
086	1
087	1
088	1
089	1
090	0
091	1
092	0
093	1
094	1
095	1
096	0
097	0
098	0
099	1
100	0
101	0
102	1
103	0
104	1
105	0
106	0
107	1
108	1
109	0
110	1
111	1
112	0
113	1
114	1
115	1
116	1
117	1
118	0
119	1
120	1
121	1
122	0
123	1
124	1
125	1
126	0
127	1
128	1
129	1
130	1
131	0
132	0
133	0
134	0
135	0
136	1
137	1
138	1
139	1
140	0
141	1
142	0
143	0
144	1
145	0
146	1
147	1
148	0
149	1
150	1
151	1
152	1
153	1
154	0
155	1
156	1
157	1
158	1
159	1
160	1
161	0
162	1
163	1
164	1
165	1
166	0
167	0
168	1
169	1
170	1
171	1
172	1
173	1
174	1
175	0
176	0
177	1
178	0
179	1
180	0
181	1
182	1
183	0
184	1
185	0
186	1
187	1
188	0
189	1
190	1
191	0
192	1
193	1
194	0
195	0
196	0
197	1
198	1
199	0
200	1
201	1
202	1
203	1
204	1
205	0
206	0
207	1
208	1
209	1
210	0
211	0
212	1
213	0
214	0
215	1
216	1
217	1
218	1
219	1
220	1
221	1
222	0
223	1
224	1
225	1
226	1
227	0
228	0
229	0
230	0
231	0
232	1
233	0
234	1
235	1
236	0
237	0
238	1
239	1
240	0
241	1
242	1
243	0
244	0
245	0
246	1
247	1
248	0
249	0
250	1
251	1
252	0
253	1
254	1
255	0
256	0
257	1
258	1
259	0
260	1
261	1
262	0
263	1
264	1
265	1
266	0
267	1
268	1
269	0
270	1
271	1
272	0
273	1
274	0
275	1
276	1
277	0
278	0
279	1
280	1
281	0
282	1
283	1
284	0
285	1
286	1
287	0
288	1
289	1
290	1
291	1
292	1
293	1
294	1
295	1
296	1
297	1
298	1
299	1
300	0
301	1
302	1
303	0
304	1
305	1
306	1
307	1
308	0
309	0
310	1
311	0
312	1
313	1
314	1
315	1
316	0
317	1
318	1
319	1
320	1
321	1
322	1
323	1
324	0
325	1
326	1
327	1
328	1
329	0
330	1
331	0
332	1
333	0
334	1
335	1
336	1
337	0
338	1
339	1
340	1
341	0
342	0
343	1
344	0
345	0
346	1
347	0
348	1
349	0
350	0
351	1
352	0
353	0
354	0
355	1
356	0
357	1
358	0
359	0
360	1
361	1
362	1
363	1
364	1
365	0
366	1
367	0
368	0
369	1
370	0
371	1
372	1
373	1
374	1
375	0
376	1
377	0
378	0
379	1
380	1
381	1
382	1
383	1
384	1
385	0
386	0
387	1
388	0
389	1
390	1
391	0
392	1
393	0
394	0
395	0
396	1
397	0
398	0
399	1
400	1
401	1
402	0
403	1
404	1
405	0
406	1
407	1
408	1
409	1
410	1
411	1
412	1
413	1
414	0
415	1
416	1
417	1
418	1
419	1
420	1
421	1
422	1
423	0
424	1
425	0
426	0
427	1
428	1
429	0
430	1
431	1
432	1
433	1
434	0
435	1
436	0
437	1
438	0
439	1
440	0
441	1
442	0
443	0
444	0
445	1
446	0
447	0
448	1
449	1
450	0
451	1
452	0
453	1
454	1
455	1
456	0
457	0
458	1
459	0
460	1
461	1
462	1
463	0
464	1
465	0
466	1
467	1
468	1
469	1
470	1
471	1
472	0
473	1
474	1
475	1
476	1
477	1
478	1
479	1
480	0