001	0
002	1
003	0
004	0
005	1
006	1
007	1
008	1
009	1
010	1
011	1
012	0
013	1
014	1
015	1
016	0
017	1
018	1
019	1
020	0
021	1
022	1
023	0
024	0
025	1
026	1
027	1
028	1
029	1
030	1
031	0
032	0
033	1
034	0
035	1
036	0
037	1
038	1
039	1
040	1
041	1
042	0
043	1
044	0
045	1
046	1
047	1
048	1
049	1
050	1
051	1
052	0
053	1
054	0
055	0
056	0
057	1
058	1
059	1
060	0
061	1
062	1
063	0
064	1
065	0
066	1
067	1
068	1
069	1
070	0
071	0
072	1
073	0
074	1
075	1
076	1
077	1
078	1
079	0
080	0
081	0
082	1
083	1
084	0
085	1
086	0
087	0
088	1
089	0
090	0
091	0
092	1
093	1
094	1
095	1
096	1
097	1
098	1
099	1
100	1
101	1
102	0
103	1
104	0
105	1
106	1
107	1
108	1
109	1
110	1
111	0
112	1
113	0
114	0
115	1
116	1
117	1
118	0
119	1
120	1
121	0
122	1
123	1
124	1
125	1
126	1
127	1
128	1
129	0
130	1
131	0
132	0
133	0
134	1
135	1
136	1
137	1
138	0
139	0
140	1
141	1
142	1
143	1
144	1
145	0
146	1
147	1
148	1
149	1
150	1
151	1
152	1
153	1
154	1
155	1
156	0
157	1
158	0
159	1
160	0
161	1
162	1
163	1
164	1
165	1
166	0
167	1
168	1
169	0
170	0
171	0
172	0
173	0
174	0
175	0
176	1
177	1
178	1
179	0
180	1
181	0
182	1
183	1
184	0
185	1
186	1
187	0
188	0
189	0
190	1
191	0
192	1
193	1
194	1
195	1
196	1
197	0
198	0
199	1
200	1
201	1
202	0
203	0
204	0
205	1
206	0
207	1
208	1
209	0
210	1
211	1
212	0
213	1
214	0
215	1
216	1
217	1
218	1
219	1
220	1
221	0
222	1
223	1
224	0
225	1
226	1
227	0
228	1
229	1
230	0
231	1
232	1
233	1
234	1
235	1
236	0
237	0
238	1
239	0
240	0
241	0
242	1
243	1
244	1
245	0
246	1
247	0
248	0
249	0
250	0
251	1
252	1
253	1
254	0
255	1
256	1
257	1
258	1
259	1
260	0
261	0
262	0
263	0
264	1
265	1
266	0
267	1
268	1
269	1
270	1
271	0
272	0
273	1
274	0
275	1
276	1
277	1
278	0
279	1
280	0
281	0
282	1
283	1
284	1
285	0
286	0
287	0
288	1
289	1
290	1
291	0
292	0
293	1
294	0
295	1
296	1
297	0
298	1
299	1
300	1
301	1
302	0
303	1
304	0
305	1
306	0
307	1
308	0
309	1
310	1
311	1
312	0
313	1
314	1
315	1
316	0
317	1
318	1
319	1
320	0
321	1
322	1
323	1
324	1
325	1
326	1
327	0
328	1
329	1
330	1
331	1
332	1
333	1
334	1
335	0
336	0
337	1
338	0
339	1
340	1
341	0
342	0
343	0
344	1
345	1
346	1
347	1
348	1
349	0
350	1
351	1
352	1
353	1
354	0
355	1
356	0
357	1
358	1
359	1
360	0
361	1
362	1
363	1
364	0
365	1
366	1
367	1
368	0
369	0
370	1
371	0
372	1
373	0
374	0
375	0
376	1
377	1
378	0
379	1
380	1
381	1
382	1
383	0
384	1
385	1
386	1
387	0
388	0
389	0
390	0
391	0
392	0
393	1
394	1
395	0
396	0
397	1
398	1
399	1
400	0
401	1
402	0
403	1
404	1
405	1
406	0
407	1
408	1
409	1
410	1
411	0
412	1
413	1
414	1
415	0
416	1
417	1
418	0
419	1
420	1
421	1
422	1
423	1
424	1
425	1
426	1
427	0
428	1
429	0
430	1
431	1
432	1
433	1
434	1
435	1
436	1
437	1
438	1
439	1
440	1
441	1
442	1
443	0
444	0
445	1
446	1
447	1
448	1
449	1
450	0
451	0
452	1
453	0
454	1
455	0
456	1
457	1
458	1
459	1
460	1
461	0
462	1
463	1
464	1
465	0
466	0
467	1
468	1
469	0
470	0
471	0
472	1
473	1
474	0
475	0
476	1
477	1
478	1
479	1
480	1